2268
57185
51056
843
84254
64063
5164
54972
4843
1087
64285
6401
64386
23221
7812
51513
10867
5329
7305
112611
55
637
53832
22802
92745
6556
3082
1244
1890
57823
11119
54480
28990
7092
729
140876
608
1298
5954
50943
10319
9709
1112
3757
8908
29927
6916
8531
2769
6676
81671
22904
10954
1308
10797
51208
4287
5255
8692
3430
79990
27248
55737
4925
5217
55062
490
54860
6196
7037
7321
29953
5743
22920
55094
2191
57103
8871
2782
8556
10411
50509
4850
2920
9262
3595
22979
2646
2219
29992
5243
23259
22996
2346
29887
4680
7205
9509
7022
80307
83959
27131
10741
78990
3383
4069
58484
26523
9942
3589
54209
4295
3983
91319
5008
50487
112268292
6527
25807
80832
8542
27352
64781
54207
2999
5836
9985
28231
63910
994
81502
10326
3055
58490
79959
9388
51311
11040
5251
7076
10916
27286
51566
54
730249
10562
4210
64131
366
80381
760
6422
56704
7264
312
11024
84079
6510
1089
1048
2906
64748
3249
6324
7980
10135
3696
51678
94239
7472
3614
5054
259
768
5264
8029
1787
9126
56521
10105
25984
1440
27077
6354
6347
10493
54757
26151
7448
5376
374
6484
595
10312
7450
4891
605
1594
6539
59341
80824
55801
3458
51026
50856
57379
10384
25842
135112
6648
202559
7915
117247
7922
9037
1839
83989
8614
942
4968
7474
1294
8087
13
54800
6747
3552
29842
57142
84141
5967
6772
2744
3485
7850
9173
8809
8807
2274
5341
117583
60676
5768
26270
4688
2633
8503
3290
727897
9331
84251
1490
9429
5918
22936
22954
8013
1441
83401
57678
79646
4488
29126
1958
64282
1408
729230
84293
644150
3624
92014
27290
5328
10549
10755
4327
3227
4778
3598
203447
7130
55509
50486
3759
722
725
5266
6590
6615
81030
4337
54210
6372
79026
3659
3553
2354
24139
10893
2867
6003
30817
79689
57168
11135
80833
23780
200315
3872
80237
8854
79094
51554
27180
25759
5819
113730
9518
9473
139728
54869
10288
3620
22
84951
6737
84034
6117
7326
3512
4147
7014
63827
8170
56923
1131
1116
94240
7223
9365
759
79820
51303
29841
6289
3601
4607
1912
6947
55858
51280
29968
8638
8739
10906
948
4907
112609
3855
246269
85021
7006
26056
8291
9764
2752
80326
160428
10970
3569
3557
64215
2766
670
8870
9982
7097
10068
2615
51050
6386
6653
4316
25833
4322
834
838
54852
9153
10561
10113
26509
140766
65061
55759
83666
54956
4283
55752
64116
283358
5830
1280
55266
1848
283537
94
53831
122830
7453
90527
405753
50506
3067
49855
59274
5371
145864
10261
84166
146225
8996
116
84225
79092
60681
57677
10410
4542
115704
127294
83442
8547
3491
148932
223
81607
2212
54507
8751
6279
152330
64332
7873
4585
1060
6715
133688
7941
7162
3486
9046
84985
58493
3934
120
1979
133
5795
57325
10205
4314
2209
116372
130576
23657
219670
51562
2180
51594
56477
9531
144423
9050
5163
9397
219333
10309
118932
5884
4929
266977
339145
9653
126731
115362
9510
23228
113612
51582
81894
9601
8324
2334
9630
23552
8817
9246
4323
26060
3772
910
56833
85414
9507
2207
714
54102
874
23569
3099
8659
10417
7791
284348
1676
64699
3101
126321
4356
58191
8741
124220
115
80150
3699
8986
10158
338094
57643
10630
9672
255104
249
8707
22854
2634
115361
2215
467
128025
163882
5284
1520
6282
6280
6283
9076
55356
60675
3577
4332
2921
6374
5196
2919
1359
151636
80149
308
2151
134147
11082
493869
94234
94081
6469
1508
115908
81501
6850
138065
55342
7253
644168
116225
145376
80019
3429
84706
717
7465
26253
338339
23423
1014
4319
4837
219539
150365
399665
51148
54578
64127
7171
105372240
29785
90522
51031
10871
11314
116071
165904
6890
197259
6338
753
134218
116236
10791
3965
27036
255738
55974
3627
6373
6036
5724
3576
7104
10746
201931
2353
9723
136
929
51237
133418
94031
126014
1084
2358
2357
81831
3726
116844
90594
1184
11076
5031
115727
10218
5968
3669
1051
64581
55304
160364
27289
26579
541471
10855
3310
54674
54625
340654
8658
713
712
4973
6288
8794
29925
78999
23051
442117
339855
253982
117144
196996
4023
126364
10008
8061
55254
2877
8877
627
56892
387758
150368
196527
219285
9332
57085
440836
2907
646023
54546
283849
9500
2624
64856
247
2205
151306
1237
10194
221400
168620
221687
79642
3579
284439
124842
221416
7262
169693
3418
25825
2242
3985
22906
338442
80781
222487
347741
5831
199675
160777
54855
84734
359845
79174
56660
256714
11156
9021
55911
51334
54732
23764
149175
10581
7127
51186
729238
4582
79896
140691
8519
157567
338557
114792
342510
342035
2204
80829
7293
8784
55893
957
353514
338645
2359
7874
84069
84808
1755
6274
342527
5320
285180
5359
390531
56624
79844
441168
400499
9516
374454
124602
9687
63939
29068
1604
4312
3269
7088
284266
246778
728
79607
7004
2210
57016
54863
415116
147657
145741
10479
25975
116443
80823
7052
388743
2214
440689
3283
5696
6891
3107
107987425
3133
3134
554251
57126
5699
5212
3426
388125
100130311
192668
93978
10866
3514
28908
28906
28874
28876
28892
28784
28774
28772
28820
28822
28775
28781
28823
28776
28825
28813
28797
28814
28815
28816
3538
3539
3494
3501
3493
28385
28473
28452
28448
28468
28444
28442
28434
28394
28465
28424
28423
28420
28464
28409
390218
10537
255809
400954
728588
284837
10437
28773
28414
400866
28875
100506115
28408
400759
28870
28410
102724231
93653
8505
344697
100287814
390010
286333
3106
387882
150372
154092
101928399
339751
81567
28943
28912
11027
5698
28937
54596
358
28942
28938
28923
28914
28885
28941
28891
28479
28915
54659
28882
28299
629
28913
79168
28935
729082
257396
100505994
100507437
552889
28824
154761
28446
28411
28393
100423062
8843
64852
100130776
100463486
387837
56242
160728
146429
101927026
284215
4321
100132417
8031
11254
401492
28439
152687
105373098
6351
157285
388372
6349
28902
338382
6348
28903
102060414
